matmult ns/fp operation
  n   ijk   jik   jki   kji   kij   ikj
 50  0.39  0.40  0.38  0.37  0.35  0.33 
100  0.40  0.40  0.35  0.36  0.31  0.31 
150  0.42  0.42  0.35  0.33  0.30  0.30 
200  0.47  0.43  0.43  0.46  0.31  0.29 
250  0.44  0.43  0.44  0.42  0.30  0.29 
300  0.45  0.44  0.96  0.97  0.30  0.28 
350  0.45  0.45  1.21  1.22  0.29  0.28 
400  0.49  0.46  1.25  1.26  0.29  0.28 
450  0.46  0.45  1.23  1.24  0.29  0.28 
500  0.47  0.45  1.23  1.25  0.29  0.28 
550  0.47  0.45  1.23  1.24  0.29  0.28 
600  0.50  0.45  1.24  1.25  0.29  0.28 
650  0.47  0.45  1.23  1.24  0.29  0.28 
700  0.49  0.45  1.25  1.24  0.29  0.28 
750  0.51  0.46  1.27  1.25  0.29  0.28 
